0 0.03359375 0.0109375 0.0671875 0.021875
0 0.30859375 0.0328125 0.0765625 0.065625
0 0.41328125 0.03828125 0.0671875 0.0765625
0 0.58125 0.15859375 0.08125 0.1515625
0 0.540625 0.21328125 0.09375 0.175
0 0.94140625 0.29609375 0.096875 0.175
0 0.825 0.153125 0.084375 0.153125
0 0.78359375 0.43046875 0.1109375 0.190625
0 0.678125 0.0953125 0.090625 0.171875
0 0.1203125 0.65234375 0.240625 0.45
0 0.2484375 0.12421875 0.096875 0.1703125
0 0.33671875 0.1265625 0.1 0.203125
0 0.4828125 0.3859375 0.109375 0.215625