0 0.01171875 0.0390625 0.0234375 0.075
0 0.03359375 0.32109375 0.0671875 0.078125
0 0.03984375 0.428125 0.0796875 0.06875
0 0.16171875 0.596875 0.153125 0.08125
0 0.2171875 0.55546875 0.178125 0.0953125
0 0.30078125 0.95546875 0.1765625 0.0890625
0 0.15625 0.84375 0.15625 0.0875
0 0.43671875 0.8015625 0.1921875 0.1125
0 0.09765625 0.6953125 0.1734375 0.09375
0 0.66015625 0.12578125 0.4546875 0.2515625
0 0.1265625 0.26015625 0.171875 0.0984375
0 0.12890625 0.35 0.20625 0.1
0 0.39140625 0.496875 0.21875 0.109375