0 0.42734375 0.04609375 0.340625 0.0921875
0 0.52265625 0.11015625 0.296875 0.15625
0 0.16328125 0.06015625 0.2484375 0.11875
0 0.11328125 0.2078125 0.2265625 0.14375
0 0.51015625 0.32421875 0.290625 0.1703125
0 0.41015625 0.41875 0.26875 0.14375
0 0.11328125 0.48515625 0.2265625 0.1203125
0 0.1046875 0.5703125 0.1765625 0.1078125
0 0.49375 0.61640625 0.265625 0.15625
0 0.090625 0.66015625 0.18125 0.1015625
0 0.09765625 0.7921875 0.1953125 0.128125
0 0.10078125 0.93515625 0.2 0.1296875
0 0.41875 0.84375 0.24375 0.15