0 0.921875 0.51796875 0.15625 0.328125
0 0.8265625 0.42578125 0.15 0.2859375
0 0.9 0.771875 0.165625 0.2390625
0 0.73359375 0.83203125 0.1390625 0.2421875
0 0.6203125 0.4390625 0.165625 0.2796875
0 0.5296875 0.534375 0.1375 0.2578125
0 0.465625 0.821875 0.115625 0.221875
0 0.3828125 0.82890625 0.103125 0.16875
0 0.33828125 0.4546875 0.15 0.2546875
0 0.29609375 0.84296875 0.096875 0.175
0 0.16953125 0.85 0.1234375 0.21875
0 0.046875 0.85234375 0.09375 0.2328125
0 0.11875 0.52578125 0.1453125 0.234375