0 0.55546875 0.0578125 0.334375 0.115625
0 0.46171875 0.1328125 0.290625 0.153125
0 0.8140625 0.07109375 0.24375 0.140625
0 0.875 0.22734375 0.246875 0.140625
0 0.47421875 0.34296875 0.284375 0.1671875
0 0.571875 0.43515625 0.2625 0.140625
0 0.86484375 0.49921875 0.225 0.11875
0 0.871875 0.58359375 0.1734375 0.10625
0 0.490625 0.62890625 0.259375 0.153125
0 0.8859375 0.671875 0.1796875 0.1
0 0.89140625 0.8015625 0.2171875 0.125
0 0.88828125 0.9390625 0.221875 0.121875
0 0.56328125 0.85234375 0.2390625 0.1484375