0 0.14375 0.9875 0.121875 0.025
0 0.15234375 0.10234375 0.228125 0.090625
0 0.18515625 0.95859375 0.18125 0.0828125
0 0.2734375 0.5234375 0.2 0.0875
0 0.3328125 0.91796875 0.1984375 0.0984375
0 0.34453125 0.3671875 0.215625 0.1
0 0.36015625 0.7390625 0.20625 0.109375
0 0.03125 0.1765625 0.0625 0.0578125
0 0.5203125 0.06640625 0.246875 0.1046875
0 0.64921875 0.865625 0.1953125 0.078125
0 0.66484375 0.4953125 0.228125 0.1
0 0.73203125 0.90625 0.21875 0.0984375
0 0.771875 0.43671875 0.234375 0.11875
0 0.84609375 0.9671875 0.253125 0.065625
0 0.0796875 0.7671875 0.159375 0.0859375
0 0.084375 0.52265625 0.1625 0.09375
0 0.0859375 0.35234375 0.171875 0.0875
0 0.9046875 0.63984375 0.190625 0.1140625
0 0.08984375 0.253125 0.171875 0.0875