0 0.8859375 0.09296875 0.228125 0.0953125
0 0.85546875 0.97265625 0.1890625 0.0546875
0 0.76328125 0.5328125 0.209375 0.09375
0 0.70078125 0.9453125 0.2078125 0.1015625
0 0.6890625 0.36953125 0.225 0.1046875
0 0.6734375 0.75859375 0.215625 0.1140625
0 0.9921875 0.1703125 0.015625 0.059375
0 0.5046875 0.0546875 0.259375 0.109375
0 0.3703125 0.890625 0.2046875 0.08125
0 0.35390625 0.503125 0.2375 0.1046875
0 0.28359375 0.9328125 0.228125 0.103125
0 0.24140625 0.44140625 0.246875 0.1234375
0 0.1640625 0.98125 0.265625 0.0375
0 0.94140625 0.7875 0.1171875 0.0890625
0 0.93828125 0.53203125 0.1234375 0.096875
0 0.93515625 0.35390625 0.1296875 0.090625
0 0.10078125 0.65390625 0.2015625 0.1203125
0 0.9328125 0.24921875 0.134375 0.09375