0 0.07890625 0.8890625 0.0953125 0.221875
0 0.96640625 0.86328125 0.0671875 0.1890625
0 0.51953125 0.77109375 0.09375 0.209375
0 0.93203125 0.7078125 0.1015625 0.2078125
0 0.35625 0.69609375 0.1046875 0.225
0 0.7453125 0.68046875 0.1140625 0.215625
0 0.04765625 0.5125 0.0953125 0.259375
0 0.87734375 0.37734375 0.08125 0.2046875
0 0.48984375 0.3609375 0.1046875 0.2375
0 0.91953125 0.290625 0.103125 0.228125
0 0.42890625 0.2484375 0.1234375 0.246875
0 0.975 0.171875 0.05 0.265625
0 0.77421875 0.94453125 0.0890625 0.109375
0 0.51953125 0.9421875 0.0984375 0.115625
0 0.340625 0.9390625 0.090625 0.121875
0 0.6421875 0.1046875 0.11875 0.209375
0 0.23671875 0.93671875 0.09375 0.1265625