0 0.6015625 0.15 0.0875 0.190625
0 0.8703125 0.159375 0.075 0.153125
0 0.34765625 0.1953125 0.0515625 0.1109375
0 0.29765625 0.21796875 0.0890625 0.196875
0 0.09765625 0.25703125 0.10625 0.196875
0 0.803125 0.3046875 0.084375 0.2125
0 0.6328125 0.33203125 0.078125 0.175
0 0.5140625 0.38984375 0.165625 0.334375
0 0.684375 0.49375 0.096875 0.234375
0 0.65546875 0.04140625 0.04375 0.0828125
0 0.24921875 0.690625 0.125 0.275
0 0.49140625 0.05625 0.0390625 0.0921875
0 0.87890625 0.79453125 0.103125 0.2
0 0.44140625 0.0828125 0.075 0.1625