0 0.15703125 0.6078125 0.18125 0.084375
0 0.165625 0.8640625 0.1453125 0.0703125
0 0.2 0.365625 0.10625 0.05
0 0.221875 0.31875 0.1875 0.084375
0 0.259375 0.128125 0.1875 0.1015625
0 0.3046875 0.8 0.203125 0.08125
0 0.33046875 0.6375 0.165625 0.0734375
0 0.3859375 0.52421875 0.31875 0.159375
0 0.484375 0.68671875 0.2234375 0.090625
0 0.05390625 0.659375 0.078125 0.040625
0 0.671875 0.271875 0.2609375 0.11875
0 0.06796875 0.503125 0.0875 0.0375
0 0.7703125 0.871875 0.190625 0.0984375
0 0.09296875 0.45546875 0.15625 0.071875