0 0.7609375 0.59921875 0.065625 0.0375
0 0.77109375 0.32109375 0.0859375 0.05625
0 0.078125 0.69296875 0.0421875 0.0265625
0 0.7859375 0.94140625 0.0671875 0.034375
0 0.79609375 0.4515625 0.05625 0.028125
0 0.80703125 0.90625 0.0640625 0.0375
0 0.828125 0.64296875 0.0640625 0.0375
0 0.0828125 0.6328125 0.04375 0.028125
0 0.87265625 0.54140625 0.071875 0.04375
0 0.0875 0.31015625 0.0421875 0.025
0 0.0875 0.7046875 0.040625 0.025
0 0.08828125 0.840625 0.034375 0.021875
0 0.91796875 0.75078125 0.078125 0.0453125
0 0.09296875 0.79453125 0.0328125 0.025
0 0.940625 0.4046875 0.06875 0.0421875
0 0.946875 0.23984375 0.0765625 0.0421875
0 0.096875 0.98203125 0.053125 0.03125
0 0.97265625 0.9078125 0.0546875 0.0515625
0 0.978125 0.965625 0.04375 0.05
0 0.1 0.53671875 0.04375 0.025
0 0.1015625 0.4265625 0.04375 0.0265625
0 0.103125 0.728125 0.040625 0.0265625
0 0.1109375 0.39921875 0.040625 0.025
0 0.11875 0.290625 0.04375 0.0265625
0 0.0125 0.6265625 0.025 0.025
0 0.01328125 0.76640625 0.0265625 0.0234375
0 0.13203125 0.67109375 0.04375 0.025
0 0.13515625 0.4953125 0.040625 0.028125
0 0.13828125 0.73515625 0.0359375 0.025
0 0.14375 0.25625 0.0390625 0.025
0 0.16015625 0.6421875 0.046875 0.0265625
0 0.16171875 0.82421875 0.046875 0.028125
0 0.1625 0.86953125 0.04375 0.028125
0 0.165625 0.08203125 0.0453125 0.03125
0 0.01640625 0.45 0.03125 0.021875
0 0.1765625 0.95234375 0.0484375 0.03125
0 0.17734375 0.92578125 0.0515625 0.028125
0 0.184375 0.62109375 0.046875 0.028125
0 0.01796875 0.35390625 0.0359375 0.0234375
0 0.19453125 0.07890625 0.046875 0.028125
0 0.2 0.70625 0.0484375 0.028125
0 0.20078125 0.3171875 0.05 0.0296875
0 0.20078125 0.39296875 0.046875 0.0296875
0 0.21796875 0.853125 0.046875 0.028125
0 0.23046875 0.503125 0.053125 0.03125
0 0.02265625 0.53984375 0.04375 0.025
0 0.2328125 0.77265625 0.053125 0.03125
0 0.2328125 0.23828125 0.04375 0.028125
0 0.240625 0.3390625 0.05625 0.028125
0 0.2453125 0.20625 0.0484375 0.028125
0 0.02421875 0.959375 0.040625 0.0234375
0 0.265625 0.29609375 0.0484375 0.03125
0 0.26875 0.90546875 0.0375 0.021875
0 0.2765625 0.21640625 0.05 0.028125
0 0.278125 0.8484375 0.05 0.03125
0 0.28515625 0.1328125 0.053125 0.03125
0 0.2859375 0.2578125 0.05 0.0296875
0 0.28984375 0.63046875 0.0578125 0.03125
0 0.29140625 0.55859375 0.05625 0.0296875
0 0.29375 0.3625 0.0484375 0.028125
0 0.30234375 0.81171875 0.05625 0.0390625
0 0.31640625 0.875 0.053125 0.0359375
0 0.3171875 0.921875 0.059375 0.0359375
0 0.31953125 0.4546875 0.059375 0.040625
0 0.3421875 0.55234375 0.0578125 0.03125
0 0.359375 0.4796875 0.0609375 0.034375
0 0.36484375 0.125 0.05625 0.034375
0 0.36875 0.33671875 0.04375 0.028125
0 0.36875 0.41875 0.05 0.034375
0 0.36953125 0.88203125 0.059375 0.034375
0 0.37109375 0.5328125 0.065625 0.0375
0 0.37421875 0.1625 0.05625 0.03125
0 0.378125 0.66484375 0.059375 0.034375
0 0.38125 0.6015625 0.075 0.040625
0 0.0375 0.8671875 0.040625 0.0234375
0 0.3953125 0.25390625 0.0578125 0.034375
0 0.396875 0.73515625 0.059375 0.040625
0 0.415625 0.690625 0.0703125 0.0390625
0 0.42890625 0.91171875 0.065625 0.0375
0 0.43203125 0.428125 0.0515625 0.0296875
0 0.453125 0.71640625 0.071875 0.040625
0 0.4578125 0.2828125 0.040625 0.028125
0 0.45859375 0.0640625 0.05625 0.034375
0 0.46015625 0.35703125 0.05625 0.03125
0 0.46015625 0.49140625 0.046875 0.028125
0 0.4640625 0.89453125 0.06875 0.0421875
0 0.04609375 0.928125 0.040625 0.0265625
0 0.46953125 0.12109375 0.0625 0.046875
0 0.47421875 0.01171875 0.0625 0.0234375
0 0.48828125 0.99296875 0.0515625 0.0140625
0 0.0515625 0.4140625 0.040625 0.025
0 0.52109375 0.59140625 0.05625 0.03125
0 0.534375 0.27578125 0.03125 0.0203125
0 0.53671875 0.72265625 0.05625 0.034375
0 0.053125 0.346875 0.0390625 0.0234375
0 0.5375 0.9421875 0.053125 0.03125
0 0.54375 0.45 0.0546875 0.034375
0 0.55625 0.696875 0.059375 0.034375
0 0.56484375 0.284375 0.0578125 0.03125
0 0.05625 0.56796875 0.04375 0.025
0 0.5671875 0.10234375 0.0625 0.0359375
0 0.5890625 0.46796875 0.0578125 0.034375
0 0.60859375 0.94296875 0.059375 0.034375
0 0.6109375 0.2578125 0.059375 0.0359375
0 0.62421875 0.36953125 0.059375 0.034375
0 0.63125 0.15546875 0.0609375 0.034375
0 0.0640625 0.3859375 0.04375 0.025
0 0.0640625 0.46953125 0.0359375 0.021875
0 0.065625 0.66640625 0.0375 0.021875
0 0.065625 0.89453125 0.046875 0.0296875
0 0.06796875 0.8171875 0.0453125 0.025
0 0.69765625 0.37421875 0.059375 0.0296875
0 0.703125 0.065625 0.053125 0.034375
0 0.7125 0.403125 0.0625 0.034375
0 0.07109375 0.5046875 0.028125 0.021875