0 0.60625 0.80703125 0.040625 0.071875
0 0.303125 0.81875 0.059375 0.09375
0 0.70703125 0.06484375 0.028125 0.046875
0 0.97734375 0.834375 0.0375 0.0734375
0 0.4453125 0.8453125 0.0296875 0.0609375
0 0.93828125 0.8578125 0.040625 0.06875
0 0.653125 0.88046875 0.040625 0.06875
0 0.6421875 0.0703125 0.0296875 0.0484375
0 0.54296875 0.92890625 0.046875 0.078125
0 0.29140625 0.075 0.0265625 0.046875
0 0.7203125 0.07578125 0.028125 0.0453125
0 0.86796875 0.0765625 0.025 0.0375
0 0.7703125 0.96796875 0.05 0.0640625
0 0.81796875 0.08125 0.028125 0.0359375
0 0.39375 0.98203125 0.046875 0.0359375
0 0.21484375 0.98359375 0.0453125 0.0328125
0 0.5375 0.08828125 0.028125 0.046875
0 0.41875 0.090625 0.028125 0.046875
0 0.7453125 0.0921875 0.028125 0.0453125
0 0.38828125 0.10078125 0.0265625 0.0453125
0 0.2703125 0.109375 0.028125 0.046875
0 0.6359375 0.00390625 0.0265625 0.0078125
0 0.78671875 0.0046875 0.025 0.009375
0 0.68359375 0.1234375 0.0265625 0.0484375
0 0.49296875 0.12734375 0.03125 0.0453125
0 0.753125 0.13125 0.0265625 0.0390625
0 0.23359375 0.1359375 0.0265625 0.04375
0 0.6515625 0.1546875 0.0296875 0.0515625
0 0.85 0.15625 0.0296875 0.05
0 0.89921875 0.15703125 0.03125 0.0484375
0 0.04375 0.1609375 0.034375 0.05
0 0.44375 0.0078125 0.0234375 0.015625
0 0.98515625 0.171875 0.0296875 0.053125
0 0.959375 0.17265625 0.03125 0.05625
0 0.62890625 0.18046875 0.03125 0.05
0 0.340625 0.01015625 0.0265625 0.01875
0 0.040625 0.1921875 0.03125 0.0515625
0 0.721875 0.19765625 0.03125 0.053125
0 0.29921875 0.1984375 0.03125 0.0546875
0 0.38125 0.1984375 0.03125 0.0515625
0 0.88125 0.2171875 0.03125 0.0515625
0 0.50078125 0.23125 0.0328125 0.05625
0 0.54140625 0.01484375 0.0265625 0.028125
0 0.79375 0.2328125 0.034375 0.0578125
0 0.2140625 0.23359375 0.03125 0.046875
0 0.32265625 0.2421875 0.03125 0.0625
0 0.17890625 0.246875 0.03125 0.053125
0 0.99140625 0.0140625 0.015625 0.028125
0 0.27578125 0.26875 0.034375 0.053125
0 0.9375 0.27265625 0.025 0.040625
0 0.18984375 0.28125 0.03125 0.0546875
0 0.87578125 0.2828125 0.0328125 0.0546875
0 0.09921875 0.290625 0.0359375 0.059375
0 0.234375 0.290625 0.03125 0.0546875
0 0.6390625 0.2953125 0.034375 0.0625
0 0.5609375 0.296875 0.03125 0.0609375
0 0.3484375 0.29921875 0.03125 0.053125
0 0.8359375 0.30859375 0.040625 0.0625
0 0.9046875 0.32421875 0.0375 0.0578125
0 0.95546875 0.325 0.0390625 0.0625
0 0.4484375 0.32734375 0.04375 0.065625
0 0.5546875 0.35234375 0.034375 0.0625
0 0.47578125 0.37109375 0.0375 0.065625
0 0.090625 0.3765625 0.0375 0.0625
0 0.3203125 0.38125 0.0296875 0.0484375
0 0.409375 0.38125 0.0375 0.053125
0 0.9125 0.38203125 0.0375 0.0625
0 0.53359375 0.38359375 0.040625 0.071875
0 0.13125 0.3875 0.0359375 0.0609375
0 0.6765625 0.39140625 0.0375 0.0640625
0 0.60859375 0.39453125 0.04375 0.08125
0 0.89609375 0.021875 0.025 0.04375
0 0.23046875 0.41015625 0.0375 0.0625
0 0.753125 0.41171875 0.04375 0.065625
0 0.7046875 0.43203125 0.0421875 0.0765625
0 0.9453125 0.44609375 0.040625 0.071875
0 0.41953125 0.45 0.03125 0.05625
0 0.7328125 0.4734375 0.04375 0.078125
0 0.26171875 0.47734375 0.03125 0.04375
0 0.02421875 0.47890625 0.0375 0.0625
0 0.34296875 0.48046875 0.034375 0.059375
0 0.4890625 0.48046875 0.03125 0.0515625
0 0.92578125 0.484375 0.046875 0.075
0 0.9625 0.03046875 0.028125 0.04375
0 0.08671875 0.490625 0.053125 0.06875
0 0.4046875 0.0359375 0.0265625 0.04375
0 0.59765625 0.546875 0.034375 0.0609375
0 0.2546875 0.5609375 0.021875 0.034375
0 0.7390625 0.56328125 0.0359375 0.059375
0 0.33203125 0.03828125 0.025 0.04375
0 0.978125 0.56484375 0.0328125 0.059375
0 0.44375 0.571875 0.0375 0.059375
0 0.71171875 0.58515625 0.0359375 0.065625
0 0.2640625 0.59453125 0.034375 0.0625
0 0.571875 0.04140625 0.028125 0.046875
0 0.06640625 0.596875 0.0390625 0.0671875
0 0.46328125 0.6203125 0.0375 0.0625
0 0.97890625 0.64140625 0.0375 0.065625
0 0.234375 0.64453125 0.0390625 0.0640625
0 0.35625 0.65859375 0.0375 0.0640625
0 0.1234375 0.66640625 0.0375 0.0671875
0 0.3734375 0.04921875 0.028125 0.046875
0 0.46484375 0.05 0.025 0.0390625
0 0.678125 0.0515625 0.025 0.040625
0 0.9265625 0.0515625 0.03125 0.05
0 0.8421875 0.05390625 0.028125 0.05
0 0.3609375 0.73828125 0.03125 0.065625
0 0.0265625 0.74453125 0.0375 0.059375
0 0.39296875 0.7546875 0.0359375 0.06875
0 0.50234375 0.0578125 0.025 0.0296875