0 0.6078125 0.22734375 0.0375 0.0671875
0 0.3234375 0.21640625 0.05625 0.0875
0 0.703125 0.92578125 0.028125 0.04375
0 0.95703125 0.2015625 0.034375 0.06875
0 0.45703125 0.19140625 0.028125 0.05625
0 0.9203125 0.1796875 0.0375 0.065625
0 0.65234375 0.15859375 0.0375 0.065625
0 0.6421875 0.92109375 0.028125 0.0453125
0 0.5484375 0.11328125 0.04375 0.071875
0 0.3125 0.915625 0.025 0.04375
0 0.71484375 0.915625 0.025 0.0421875
0 0.85390625 0.91484375 0.021875 0.034375
0 0.7625 0.0671875 0.046875 0.078125
0 0.80703125 0.91015625 0.025 0.034375
0 0.409375 0.04375 0.04375 0.0703125
0 0.240625 0.03828125 0.04375 0.0765625
0 0.99140625 0.90625 0.0171875 0.0546875
0 0.92265625 0.01953125 0.053125 0.0390625
0 0.978125 0.01328125 0.04375 0.0265625
0 0.54375 0.903125 0.0265625 0.04375
0 0.43125 0.90078125 0.028125 0.04375
0 0.7390625 0.9 0.0265625 0.0421875
0 0.403125 0.89140625 0.025 0.0421875
0 0.2921875 0.88359375 0.0265625 0.04375
0 0.6359375 0.98984375 0.025 0.0203125
0 0.778125 0.9890625 0.025 0.021875
0 0.68125 0.8703125 0.025 0.0453125
0 0.5015625 0.8671875 0.028125 0.0421875
0 0.74609375 0.86328125 0.025 0.0375
0 0.2578125 0.85859375 0.025 0.040625
0 0.65078125 0.84140625 0.028125 0.0484375
0 0.83671875 0.83984375 0.028125 0.046875
0 0.88359375 0.8390625 0.028125 0.0453125
0 0.07890625 0.8359375 0.0328125 0.046875
0 0.45546875 0.9859375 0.021875 0.028125
0 0.9671875 0.825 0.03125 0.05
0 0.940625 0.82421875 0.028125 0.053125
0 0.6296875 0.8171875 0.028125 0.046875
0 0.3578125 0.984375 0.025 0.03125
0 0.07578125 0.80625 0.028125 0.0484375
0 0.71640625 0.80078125 0.028125 0.05
0 0.31953125 0.8 0.03125 0.0515625
0 0.396875 0.8 0.0296875 0.0484375
0 0.86640625 0.78203125 0.0296875 0.0484375
0 0.509375 0.76953125 0.03125 0.053125
0 0.546875 0.9796875 0.025 0.040625
0 0.784375 0.7671875 0.03125 0.0546875
0 0.2390625 0.7671875 0.028125 0.04375
0 0.3421875 0.75859375 0.028125 0.0578125
0 0.20703125 0.75390625 0.028125 0.05
0 0.975 0.9796875 0.0234375 0.040625
0 0.29765625 0.734375 0.03125 0.05
0 0.91953125 0.73046875 0.0234375 0.0375
0 0.21640625 0.721875 0.0296875 0.0515625
0 0.86171875 0.7203125 0.03125 0.0515625
0 0.13125 0.71328125 0.0328125 0.0546875
0 0.25859375 0.71328125 0.03125 0.0515625
0 0.6390625 0.70859375 0.03125 0.059375
0 0.565625 0.70703125 0.03125 0.05625
0 0.36640625 0.7046875 0.028125 0.05
0 0.82421875 0.69609375 0.0390625 0.0578125
0 0.8890625 0.68203125 0.0359375 0.0546875
0 0.93671875 0.68046875 0.0375 0.059375
0 0.46015625 0.67890625 0.040625 0.0609375
0 0.559375 0.65546875 0.0328125 0.059375
0 0.48515625 0.6375 0.0359375 0.0625
0 0.1234375 0.6328125 0.0359375 0.0578125
0 0.33984375 0.628125 0.028125 0.0453125
0 0.4234375 0.628125 0.0359375 0.05
0 0.89609375 0.62734375 0.0359375 0.059375
0 0.53984375 0.62578125 0.0390625 0.06875
0 0.16171875 0.62265625 0.0328125 0.05625
0 0.67421875 0.61875 0.0359375 0.059375
0 0.61015625 0.615625 0.040625 0.075
0 0.88046875 0.96640625 0.0234375 0.040625
0 0.2546875 0.60078125 0.0359375 0.059375
0 0.74609375 0.59921875 0.040625 0.0625
0 0.70078125 0.5796875 0.040625 0.071875
0 0.9265625 0.5671875 0.0375 0.0671875
0 0.4328125 0.56328125 0.03125 0.053125
0 0.72734375 0.54140625 0.040625 0.075
0 0.284375 0.5375 0.0296875 0.040625
0 0.0609375 0.53671875 0.0359375 0.0578125
0 0.36015625 0.53515625 0.03125 0.05625
0 0.49765625 0.534375 0.028125 0.0484375
0 0.90859375 0.53125 0.04375 0.0703125
0 0.94296875 0.9578125 0.028125 0.040625
0 0.11953125 0.525 0.05 0.0640625
0 0.01015625 0.5203125 0.01875 0.0640625
0 0.41875 0.953125 0.025 0.040625
0 0.6 0.471875 0.03125 0.05625
0 0.27734375 0.459375 0.0203125 0.03125
0 0.73359375 0.45703125 0.034375 0.05625
0 0.35 0.95078125 0.025 0.040625
0 0.9578125 0.45546875 0.03125 0.0546875
0 0.45546875 0.44921875 0.034375 0.05625
0 0.7078125 0.43671875 0.034375 0.0625
0 0.28671875 0.42734375 0.03125 0.059375
0 0.57578125 0.94765625 0.0265625 0.04375
0 0.1 0.425 0.0375 0.0625
0 0.4734375 0.403125 0.034375 0.059375
0 0.95859375 0.3828125 0.034375 0.0609375
0 0.25859375 0.38046875 0.0375 0.059375
0 0.3734375 0.3671875 0.0359375 0.059375
0 0.1546875 0.36015625 0.034375 0.0625
0 0.38984375 0.93984375 0.025 0.04375
0 0.47578125 0.9390625 0.0234375 0.0375
0 0.67578125 0.93828125 0.0234375 0.0375
0 0.90859375 0.9375 0.0296875 0.046875
0 0.83046875 0.9359375 0.025 0.046875
0 0.37734375 0.2921875 0.0296875 0.0625
0 0.06328125 0.28671875 0.034375 0.0546875
0 0.4078125 0.2765625 0.034375 0.0640625
0 0.5109375 0.93203125 0.0234375 0.028125