0 0.81640625 0.66640625 0.096875 0.06875
0 0.80234375 0.13359375 0.109375 0.075
0 0.80078125 0.2625 0.10625 0.05
0 0.790625 0.865625 0.084375 0.0765625
0 0.77421875 0.21171875 0.184375 0.10625
0 0.77421875 0.92734375 0.1015625 0.04375
0 0.75 0.40703125 0.125 0.06875
0 0.7359375 0.7375 0.103125 0.0515625
0 0.73515625 0.596875 0.1015625 0.06875
0 0.73046875 0.0390625 0.2046875 0.078125
0 0.71171875 0.496875 0.2765625 0.1265625
0 0.7 0.140625 0.0921875 0.071875
0 0.69453125 0.34296875 0.134375 0.065625
0 0.9765625 0.12109375 0.046875 0.0640625
0 0.628125 0.68359375 0.134375 0.071875
0 0.96875 0.6828125 0.0625 0.0578125
0 0.58359375 0.284375 0.2125 0.1078125
0 0.56796875 0.78984375 0.2703125 0.1234375
0 0.565625 0.61875 0.1125 0.121875
0 0.55859375 0.940625 0.278125 0.11875
0 0.503125 0.12734375 0.190625 0.09375
0 0.38359375 0.32421875 0.3125 0.1375
0 0.38046875 0.63125 0.328125 0.171875
0 0.36171875 0.846875 0.1484375 0.11875
0 0.940625 0.859375 0.11875 0.0875
0 0.26796875 0.9453125 0.140625 0.0625
0 0.24609375 0.5234375 0.128125 0.08125
0 0.23203125 0.2125 0.271875 0.1375
0 0.20234375 0.90859375 0.121875 0.0484375
0 0.1859375 0.78984375 0.371875 0.196875
0 0.165625 0.021875 0.1 0.04375
0 0.93125 0.22734375 0.1375 0.103125
0 0.92265625 0.48203125 0.153125 0.1125
0 0.91953125 0.34765625 0.1609375 0.1078125
0 0.05625 0.24375 0.1125 0.14375
0 0.04921875 0.625 0.096875 0.134375
0 0.91640625 0.7703125 0.1671875 0.0921875
0 0.91328125 0.92890625 0.171875 0.090625
0 0.90234375 0.10234375 0.16875 0.0890625
0 0.8921875 0.64609375 0.115625 0.08125
0 0.8734375 0.546875 0.1109375 0.0640625