0 0.1484375 0.29453125 0.0953125 0.06875
0 0.1625 0.82265625 0.109375 0.0734375
0 0.1640625 0.69453125 0.1046875 0.0484375
0 0.17421875 0.09609375 0.084375 0.075
0 0.190625 0.7453125 0.1828125 0.1046875
0 0.190625 0.03515625 0.1 0.0421875
0 0.21484375 0.55078125 0.1234375 0.0671875
0 0.22890625 0.2234375 0.103125 0.05
0 0.2296875 0.36328125 0.1 0.0671875
0 0.234375 0.934375 0.203125 0.1140625
0 0.253125 0.46171875 0.275 0.125
0 0.2640625 0.815625 0.090625 0.0703125
0 0.26953125 0.6140625 0.1328125 0.065625
0 0.3359375 0.2765625 0.134375 0.071875
0 0.0140625 0.27734375 0.028125 0.05625
0 0.3796875 0.67265625 0.2109375 0.10625
0 0.3953125 0.171875 0.26875 0.121875
0 0.39765625 0.340625 0.1125 0.121875
0 0.4046875 0.040625 0.275 0.08125
0 0.46015625 0.82890625 0.1875 0.09375
0 0.578125 0.6328125 0.309375 0.1375
0 0.58125 0.32890625 0.3265625 0.1703125
0 0.6 0.11484375 0.146875 0.11875
0 0.0421875 0.10234375 0.084375 0.0859375
0 0.04453125 0.978125 0.0890625 0.04375
0 0.69296875 0.0234375 0.140625 0.046875
0 0.71484375 0.43515625 0.1265625 0.0796875
0 0.72890625 0.74453125 0.2703125 0.1359375
0 0.75859375 0.053125 0.121875 0.046875
0 0.79375 0.17109375 0.409375 0.1953125
0 0.79609375 0.95625 0.1 0.0875
0 0.0515625 0.7296875 0.103125 0.103125
0 0.059375 0.47734375 0.11875 0.1109375
0 0.06328125 0.6109375 0.1265625 0.10625
0 0.92109375 0.71328125 0.146875 0.14375
0 0.9296875 0.334375 0.1359375 0.134375
0 0.06640625 0.190625 0.1328125 0.090625
0 0.06875 0.0390625 0.1375 0.078125
0 0.0734375 0.853125 0.146875 0.0875
0 0.0734375 0.3140625 0.1140625 0.08125
0 0.0921875 0.4125 0.109375 0.0625