0 0.825 0.6484375 0.096875 0.0703125
0 0.81015625 0.10625 0.1109375 0.075
0 0.80859375 0.2375 0.10625 0.05
0 0.79765625 0.8515625 0.0859375 0.078125
0 0.78125 0.1859375 0.1875 0.10625
0 0.78125 0.91484375 0.103125 0.04375
0 0.75703125 0.38515625 0.1265625 0.06875
0 0.7421875 0.72109375 0.10625 0.053125
0 0.74140625 0.578125 0.103125 0.06875
0 0.73671875 0.025 0.209375 0.05
0 0.7171875 0.4765625 0.28125 0.128125
0 0.70625 0.1140625 0.09375 0.071875
0 0.7 0.3203125 0.1359375 0.065625
0 0.98203125 0.09453125 0.0359375 0.0640625
0 0.63203125 0.66640625 0.1375 0.071875
0 0.97421875 0.665625 0.0515625 0.059375
0 0.5875 0.26015625 0.215625 0.109375
0 0.57109375 0.77421875 0.275 0.125
0 0.56875 0.60078125 0.115625 0.125
0 0.5609375 0.93359375 0.284375 0.1328125
0 0.5046875 0.1 0.19375 0.0953125
0 0.3828125 0.30078125 0.31875 0.140625
0 0.38046875 0.6125 0.334375 0.175
0 0.3609375 0.83203125 0.1515625 0.121875
0 0.9453125 0.8453125 0.109375 0.0875
0 0.265625 0.9328125 0.14375 0.0625
0 0.24296875 0.50390625 0.13125 0.08125
0 0.22890625 0.18671875 0.278125 0.1390625
0 0.1984375 0.8953125 0.125 0.0484375
0 0.1859375 0.775 0.371875 0.2
0 0.9359375 0.20234375 0.128125 0.10625
0 0.92734375 0.4609375 0.1453125 0.1125
0 0.9234375 0.32421875 0.153125 0.109375
0 0.05390625 0.21875 0.10625 0.146875
0 0.04609375 0.60703125 0.0921875 0.1375
0 0.9203125 0.7546875 0.159375 0.09375
0 0.91796875 0.91640625 0.1640625 0.0921875
0 0.91171875 0.075 0.171875 0.090625
0 0.9015625 0.628125 0.1171875 0.0828125
0 0.88203125 0.52734375 0.1125 0.065625