0 0.17890625 0.33203125 0.146875 0.0609375
0 0.18515625 0.2734375 0.1421875 0.053125
0 0.1921875 0.50546875 0.0875 0.034375
0 0.234375 0.41328125 0.0890625 0.03125
0 0.23515625 0.14453125 0.140625 0.065625
0 0.24375 0.0234375 0.0953125 0.040625
0 0.24921875 0.06796875 0.09375 0.040625
0 0.27890625 0.20390625 0.075 0.03125
0 0.30703125 0.6578125 0.09375 0.04375
0 0.30859375 0.78359375 0.1015625 0.0421875
0 0.07578125 0.934375 0.15 0.096875
0 0.0890625 0.60703125 0.178125 0.090625
0 0.10546875 0.48125 0.1734375 0.078125