0 0.6703125 0.2109375 0.059375 0.14375
0 0.72734375 0.21640625 0.05 0.1390625
0 0.5015625 0.2234375 0.0328125 0.084375
0 0.59140625 0.26484375 0.03125 0.0875
0 0.85234375 0.26640625 0.0625 0.1375
0 0.9703125 0.27421875 0.0375 0.09375
0 0.9265625 0.27890625 0.040625 0.090625
0 0.79453125 0.30859375 0.0296875 0.071875
0 0.353125 0.3359375 0.0421875 0.090625
0 0.23125 0.3375 0.040625 0.0984375
0 0.084375 0.09140625 0.09375 0.1828125
0 0.403125 0.11015625 0.0875 0.2
0 0.525 0.1390625 0.078125 0.16875