0 0.7734375 0.31171875 0.14375 0.059375
0 0.7671875 0.2546875 0.1390625 0.05
0 0.76015625 0.48046875 0.084375 0.0328125
0 0.71875 0.390625 0.0875 0.03125
0 0.71796875 0.12890625 0.1375 0.0625
0 0.709375 0.015625 0.09375 0.03125
0 0.7046875 0.0546875 0.090625 0.040625
0 0.67578125 0.18671875 0.071875 0.0296875
0 0.6484375 0.62890625 0.090625 0.0421875
0 0.64609375 0.75078125 0.0984375 0.040625
0 0.896875 0.89765625 0.19375 0.09375
0 0.87421875 0.57890625 0.2 0.0875
0 0.84453125 0.45703125 0.16875 0.078125