0 0.22421875 0.42734375 0.084375 0.04375
0 0.234375 0.62734375 0.04375 0.025
0 0.234375 0.56328125 0.0375 0.025
0 0.24921875 0.75078125 0.025 0.009375
0 0.25078125 0.35625 0.021875 0.009375
0 0.25234375 0.3234375 0.071875 0.04375
0 0.25546875 0.68515625 0.0921875 0.05
0 0.25703125 0.8328125 0.015625 0.00625
0 0.26015625 0.87578125 0.034375 0.015625
0 0.2609375 0.84921875 0.0109375 0.00625
0 0.26328125 0.38359375 0.01875 0.009375
0 0.26796875 0.765625 0.046875 0.0234375
0 0.2734375 0.51875 0.0375 0.0125
0 0.2859375 0.275 0.0828125 0.03125
0 0.4390625 0.57578125 0.06875 0.046875
0 0.09765625 0.1265625 0.175 0.0890625