0 0.78125 0.59765625 0.0890625 0.0453125
0 0.7703125 0.38828125 0.046875 0.025
0 0.7703125 0.45546875 0.040625 0.0265625
0 0.7546875 0.259375 0.025 0.009375
0 0.753125 0.671875 0.021875 0.0109375
0 0.7515625 0.70625 0.075 0.0453125
0 0.7484375 0.328125 0.096875 0.053125
0 0.746875 0.1734375 0.015625 0.0078125
0 0.74375 0.12734375 0.034375 0.0171875
0 0.74296875 0.15625 0.0109375 0.0078125
0 0.740625 0.64296875 0.01875 0.009375
0 0.73515625 0.24296875 0.0484375 0.025
0 0.7296875 0.5015625 0.040625 0.0140625
0 0.71640625 0.75703125 0.0875 0.034375
0 0.55546875 0.4421875 0.071875 0.05
0 0.9109375 0.9125 0.178125 0.09375