0 0.7796875 0.4 0.0890625 0.0453125
0 0.76875 0.609375 0.046875 0.025
0 0.76875 0.5421875 0.040625 0.0265625
0 0.753125 0.7390625 0.025 0.009375
0 0.7515625 0.3265625 0.021875 0.0109375
0 0.75 0.2921875 0.075 0.0453125
0 0.746875 0.6703125 0.096875 0.053125
0 0.7453125 0.82421875 0.015625 0.0078125
0 0.7421875 0.8703125 0.034375 0.0171875
0 0.74140625 0.84140625 0.0109375 0.0078125
0 0.7390625 0.3546875 0.01875 0.009375
0 0.73359375 0.7546875 0.0484375 0.025
0 0.728125 0.49609375 0.040625 0.0140625
0 0.71484375 0.240625 0.0875 0.034375
0 0.55390625 0.55546875 0.071875 0.05
0 0.91015625 0.08515625 0.178125 0.09375