0 0.9875 0.31015625 0.0125 0.0234375
0 0.93828125 0.315625 0.021875 0.0375
0 0.7921875 0.325 0.03125 0.075
0 0.725 0.34453125 0.03125 0.0625
0 0.975 0.359375 0.01875 0.04375
0 0.95546875 0.36484375 0.028125 0.06875
0 0.58515625 0.365625 0.0234375 0.0671875
0 0.74609375 0.3859375 0.021875 0.046875
0 0.36640625 0.39921875 0.040625 0.090625
0 0.865625 0.40859375 0.109375 0.215625
0 0.640625 0.4234375 0.075 0.2
0 0.71796875 0.4609375 0.06875 0.146875
0 0.43359375 0.4671875 0.0703125 0.14375
0 0.3203125 0.4875 0.06875 0.153125
0 0.9765625 0.54375 0.046875 0.146875
0 0.12109375 0.60390625 0.19375 0.4765625
0 0.5640625 0.6171875 0.1109375 0.2453125
0 0.0296875 0.72109375 0.059375 0.30625