0 0.28359375 0.09140625 0.021875 0.0125
0 0.28828125 0.13828125 0.034375 0.0203125
0 0.290625 0.034375 0.025 0.0140625
0 0.296875 0.2765625 0.071875 0.03125
0 0.31015625 0.0125 0.0828125 0.025
0 0.31640625 0.33984375 0.059375 0.028125
0 0.321875 0.0328125 0.03125 0.015625
0 0.3296875 0.103125 0.040625 0.0171875
0 0.33515625 0.121875 0.065625 0.0265625
0 0.3359375 0.471875 0.0640625 0.021875
0 0.35546875 0.31953125 0.04375 0.0203125
0 0.36796875 0.67890625 0.0859375 0.0390625
0 0.3765625 0.20703125 0.20625 0.103125
0 0.390625 0.41953125 0.190625 0.071875
0 0.40234375 0.0421875 0.121875 0.065625
0 0.42578125 0.34609375 0.1375 0.0640625
0 0.43203125 0.615625 0.134375 0.065625
0 0.4515625 0.7234375 0.14375 0.065625
0 0.5046875 0.08046875 0.140625 0.0859375
0 0.56171875 0.909375 0.453125 0.18125
0 0.575 0.4921875 0.2328125 0.1046875
0 0.6734375 0.98515625 0.290625 0.0296875