0 0.090625 0.28671875 0.0125 0.021875
0 0.13828125 0.2921875 0.021875 0.0359375
0 0.03125 0.29453125 0.015625 0.025
0 0.28046875 0.30078125 0.03125 0.0734375
0 0.0109375 0.31484375 0.021875 0.084375
0 0.34609375 0.3203125 0.0296875 0.0609375
0 0.03046875 0.3265625 0.015625 0.0328125
0 0.10234375 0.334375 0.0171875 0.04375
0 0.121875 0.33984375 0.028125 0.0671875
0 0.48203125 0.340625 0.021875 0.065625
0 0.32578125 0.3609375 0.021875 0.046875
0 0.6953125 0.3734375 0.040625 0.0875
0 0.209375 0.3828125 0.10625 0.2125
0 0.428125 0.39765625 0.0734375 0.1953125
0 0.03984375 0.409375 0.0671875 0.1265625
0 0.35234375 0.43359375 0.065625 0.14375
0 0.6296875 0.43984375 0.06875 0.1390625
0 0.740625 0.46015625 0.0671875 0.15
0 0.07890625 0.51484375 0.0875 0.14375
0 0.91953125 0.5734375 0.159375 0.465625
0 0.503125 0.58671875 0.1078125 0.2390625