0 0.63203125 0.51015625 0.471875 0.253125
0 0.5734375 0.7921875 0.3125 0.215625
0 0.5296875 0.034375 0.134375 0.06875
0 0.5265625 0.396875 0.134375 0.046875
0 0.521875 0.2015625 0.2046875 0.0875
0 0.51796875 0.903125 0.13125 0.0609375
0 0.515625 0.275 0.234375 0.134375
0 0.51328125 0.95546875 0.078125 0.0296875
0 0.5078125 0.67578125 0.059375 0.03125
0 0.50703125 0.15 0.10625 0.0390625
0 0.503125 0.62265625 0.1203125 0.046875
0 0.465625 0.3453125 0.0578125 0.03125
0 0.3859375 0.02890625 0.1875 0.0578125