0 0.6515625 0.46796875 0.45 0.2421875
0 0.5953125 0.19765625 0.296875 0.2078125
0 0.55390625 0.934375 0.128125 0.0859375
0 0.55 0.5765625 0.128125 0.04375
0 0.54609375 0.76328125 0.1953125 0.084375
0 0.5421875 0.09140625 0.125 0.0578125
0 0.53984375 0.69296875 0.2234375 0.128125
0 0.5375 0.04140625 0.0734375 0.028125
0 0.53203125 0.309375 0.05625 0.03125
0 0.53125 0.81328125 0.1015625 0.0375
0 0.528125 0.36015625 0.115625 0.04375
0 0.4921875 0.62578125 0.05625 0.0296875
0 0.41640625 0.95078125 0.1796875 0.0984375