0 0.18671875 0.15625 0.06875 0.1265625
0 0.2265625 0.1734375 0.01875 0.059375
0 0.39140625 0.178125 0.053125 0.08125
0 0.58671875 0.18671875 0.025 0.053125
0 0.834375 0.1953125 0.1015625 0.1625
0 0.3421875 0.19921875 0.04375 0.06875
0 0.471875 0.2015625 0.0578125 0.09375
0 0.09140625 0.22421875 0.025 0.046875
0 0.93984375 0.2421875 0.078125 0.1578125
0 0.75078125 0.25078125 0.071875 0.1109375
0 0.41875 0.25859375 0.0625 0.09375
0 0.27890625 0.26953125 0.034375 0.046875
0 0.6265625 0.26953125 0.053125 0.090625