0 0.25234375 0.19140625 0.065625 0.121875
0 0.28984375 0.20703125 0.01875 0.0578125
0 0.44765625 0.21171875 0.05 0.078125
0 0.63359375 0.2203125 0.025 0.05
0 0.86953125 0.228125 0.096875 0.1546875
0 0.4 0.23203125 0.0421875 0.065625
0 0.52421875 0.234375 0.05625 0.090625
0 0.1609375 0.25625 0.0234375 0.04375
0 0.96640625 0.2734375 0.065625 0.15
0 0.78984375 0.28125 0.06875 0.10625
0 0.47265625 0.2890625 0.059375 0.090625
0 0.33984375 0.29921875 0.0328125 0.04375
0 0.671875 0.29921875 0.05 0.0875