0 0.2453125 0.81953125 0.0625 0.1140625
0 0.28046875 0.8046875 0.0171875 0.0546875
0 0.4296875 0.8 0.046875 0.0734375
0 0.60625 0.7921875 0.0234375 0.046875
0 0.83046875 0.78515625 0.0921875 0.146875
0 0.38515625 0.78125 0.0390625 0.0625
0 0.50234375 0.77890625 0.053125 0.0859375
0 0.15859375 0.75859375 0.021875 0.0421875
0 0.925 0.7421875 0.0703125 0.14375
0 0.7546875 0.734375 0.0640625 0.1
0 0.45390625 0.72734375 0.05625 0.0859375
0 0.328125 0.71796875 0.03125 0.0421875
0 0.6421875 0.71796875 0.046875 0.08125