0 0.15859375 0.76328125 0.09375 0.0515625
0 0.16875 0.903125 0.184375 0.0796875
0 0.2265625 0.46171875 0.2125 0.0859375
0 0.23203125 0.20234375 0.2265625 0.096875
0 0.2703125 0.065625 0.203125 0.096875
0 0.290625 0.52890625 0.228125 0.0875
0 0.33203125 0.97734375 0.228125 0.0453125
0 0.41015625 0.13125 0.184375 0.08125
0 0.4296875 0.88125 0.1296875 0.0640625
0 0.49453125 0.61328125 0.1796875 0.08125
0 0.5296875 0.40859375 0.3109375 0.128125
0 0.55 0.2953125 0.23125 0.090625
0 0.61328125 0.13671875 0.2046875 0.0859375
0 0.6265625 0.8765625 0.3328125 0.15625
0 0.68828125 0.59765625 0.228125 0.0875
0 0.1203125 0.6984375 0.16875 0.078125