0 0.82109375 0.75859375 0.084375 0.046875
0 0.8109375 0.88515625 0.165625 0.0734375
0 0.75859375 0.4859375 0.1921875 0.078125
0 0.75390625 0.25078125 0.20625 0.0875
0 0.71875 0.128125 0.184375 0.0875
0 0.70078125 0.546875 0.20625 0.078125
0 0.6640625 0.96328125 0.20625 0.0625
0 0.59296875 0.18671875 0.165625 0.0734375
0 0.575 0.865625 0.1171875 0.0578125
0 0.51640625 0.6234375 0.1625 0.075
0 0.484375 0.4375 0.28125 0.115625
0 0.465625 0.33515625 0.209375 0.0828125
0 0.40859375 0.1921875 0.1859375 0.078125
0 0.396875 0.8609375 0.3015625 0.140625
0 0.34140625 0.609375 0.20625 0.0796875
0 0.8546875 0.7 0.153125 0.0703125