0 0.76640625 0.83046875 0.046875 0.084375
0 0.89453125 0.82109375 0.0734375 0.16875
0 0.490625 0.76796875 0.078125 0.19375
0 0.253125 0.76328125 0.0890625 0.20625
0 0.12890625 0.728125 0.090625 0.1859375
0 0.55234375 0.709375 0.078125 0.209375
0 0.9703125 0.67265625 0.059375 0.2078125
0 0.18828125 0.6 0.075 0.16875
0 0.87421875 0.58203125 0.059375 0.11875
0 0.6296875 0.52265625 0.075 0.165625
0 0.4421875 0.490625 0.1171875 0.284375
0 0.33828125 0.471875 0.084375 0.209375
0 0.19375 0.41484375 0.078125 0.1875
0 0.8703125 0.40234375 0.14375 0.3046875
0 0.615625 0.34609375 0.08125 0.209375
0 0.70703125 0.86484375 0.0703125 0.1546875