0 0.52734375 0.15859375 0.0421875 0.06875
0 0.82890625 0.16953125 0.0578125 0.1125
0 0.6859375 0.2046875 0.053125 0.1125
0 0.503125 0.21484375 0.059375 0.096875
0 0.415625 0.21796875 0.065625 0.121875
0 0.46015625 0.22734375 0.040625 0.09375
0 0.26640625 0.23671875 0.0671875 0.109375
0 0.184375 0.2390625 0.059375 0.0953125
0 0.84921875 0.2390625 0.05 0.09375
0 0.52734375 0.2578125 0.059375 0.13125
0 0.03359375 0.2703125 0.0671875 0.11875
0 0.8171875 0.31640625 0.08125 0.1765625
0 0.59375 0.33046875 0.0859375 0.15625
0 0.71953125 0.35625 0.103125 0.19375
0 0.946875 0.41640625 0.10625 0.24375
0 0.8890625 0.42265625 0.0609375 0.1546875
0 0.078125 0.11640625 0.0203125 0.0359375