0 0.509375 0.1609375 0.0421875 0.071875
0 0.81953125 0.171875 0.059375 0.115625
0 0.671875 0.2078125 0.0546875 0.1171875
0 0.48515625 0.21875 0.059375 0.1
0 0.39453125 0.22109375 0.0671875 0.125
0 0.440625 0.23203125 0.040625 0.096875
0 0.2421875 0.24140625 0.06875 0.1125
0 0.15703125 0.24296875 0.059375 0.096875
0 0.83984375 0.24375 0.053125 0.096875
0 0.509375 0.26328125 0.0609375 0.134375
0 0.01875 0.27578125 0.0375 0.121875
0 0.80703125 0.3234375 0.084375 0.18125
0 0.578125 0.3375 0.0875 0.1625
0 0.70703125 0.3640625 0.10625 0.1984375
0 0.94296875 0.42578125 0.1140625 0.2515625
0 0.88125 0.4328125 0.0625 0.159375
0 0.0484375 0.1171875 0.021875 0.0375