0 0.4828125 0.10390625 0.04375 0.071875
0 0.16953125 0.11484375 0.059375 0.115625
0 0.31875 0.15078125 0.05625 0.11875
0 0.5078125 0.16171875 0.0609375 0.1015625
0 0.59921875 0.16484375 0.06875 0.1265625
0 0.553125 0.175 0.040625 0.096875
0 0.75390625 0.184375 0.06875 0.1140625
0 0.83984375 0.18671875 0.0609375 0.1
0 0.14921875 0.1875 0.053125 0.096875
0 0.48359375 0.20703125 0.0625 0.1359375
0 0.98046875 0.21953125 0.0375 0.1234375
0 0.18203125 0.26796875 0.084375 0.184375
0 0.4140625 0.28203125 0.0890625 0.1625
0 0.28359375 0.309375 0.10625 0.2
0 0.0515625 0.37109375 0.103125 0.2546875
0 0.10703125 0.378125 0.0625 0.1609375
0 0.95 0.059375 0.021875 0.0375